q:2b877b4b825b48a9a0950dd5bd1f264d:2017-07-31 21:02:25.768342
root:63a9f0ea7bb98050796b649e85481845:2017-07-31 21:01:54.060306
meng:70110c42465beafda6c139ba93fe1eca:2017-07-31 21:01:21.732432
